1 284072 715928 0
2 284200 715800 0
3 283938 716062 0
4 283734 716266 0
5 283396 716604 0
6 283297 716703 0
7 283311 715673 1016
8 283892 709291 6817
9 291817 694273 13910
10 308239 669217 22544
11 382347 562675 54978
12 415720 518404 65876
13 418140 509719 72141
14 420322 500381 79297
15 418956 494462 86582
16 415042 490701 94257
17 408229 489309 102462
18 397751 513339 88910
19 360090 566559 73351
20 292540 651390 56070
21 157643 821315 21042
seuil optimal est 15 avec 420322 pour 1000000 jouée.
