1 284114 715886 0
2 283717 716283 0
3 283847 716153 0
4 283246 716754 0
5 283784 716216 0
6 283398 716602 0
7 283673 715263 1064
8 284402 708775 6823
9 292949 693321 13730
10 307291 669881 22828
11 382564 562927 54509
12 417078 517298 65624
13 418144 510021 71835
14 420167 500544 79289
15 418295 494992 86713
16 416130 489915 93955
17 409330 488351 102319
18 398182 513159 88659
19 362023 564271 73706
20 293923 649443 56634
21 159035 819343 21622
seuil optimal est 15 avec 420167 pour 1000000 jouée.
